648 337
464 370
728 374
443 421
682 384
469 387
282 318
852 342
925 455
598 331
342 293
622 441
345 410
711 390
872 251
585 239
294 228
611 417
250 441
909 432
634 303
324 411
925 291
852 452
417 400
845 290
324 286
509 289
860 386
769 380
728 383
661 386
585 386
474 389
382 391
230 396
507 345
620 226
712 226
826 233
925 245
785 398
603 395
430 403
222 416
233 294
637 423
758 337
940 560
671 531
558 346
407 367
758 379
998 428
968 424
839 423
927 424
801 423
717 426
750 435
670 427
543 417
587 411
499 417
517 414
426 424
463 419
357 423
388 423
283 414
236 413
317 417
167 362
181 378
346 472
274 449
576 486
465 485
640 468
667 394
670 354
794 318
708 335
949 316
707 275
763 268
655 290
592 287
475 292
532 288
427 288
373 293
324 307
81 319
221 312
209 380
313 330
427 223
452 211
536 215
687 213
762 198
635 222
897 213
807 212
1070 284
995 224
1006 462
1056 354
847 490
788 463
964 513
566 451
486 466
683 455
296 462
355 464
140 324
132 257
197 388
950 586
844 578
902 583
765 580
813 568
683 561
727 569
609 566
661 574
552 572
590 569
480 569
511 564
400 567
419 567
298 561
349 569
262 569
140 557
206 561
197 217
414 262
590 273
534 273
633 274
729 310
701 298
767 362
753 342
779 427
843 434
971 436
934 439
382 320
341 360
454 305
587 308
520 294
616 334
753 422
676 403
788 415
689 345
688 346
692 356
771 323
768 330
836 295
1016 353
930 324
844 359
631 365
734 356
446 393
555 374
397 389
270 387
288 393
502 310
363 321
752 417
668 378
813 444
881 394
862 452
839 347
770 316
646 315
460 339
770 397
603 395
727 344
1049 401
356 415
464 255
831 328
1089 466
547 440
849 223
231 255